334 206
107 117
2 15
127 191
28 143
229 167
332 181
206 71
333 218
267 92
31 117
178 201
374 29
241 244
257 330
110 62
224 150
147 249
261 294
34 42
154 256
378 316
233 370
210 334
215 211
286 45
351 324
25 122
85 148
318 217
122 3
391 137
333 27
355 300
35 127
2 312
115 85
232 142
349 17
146 37
314 175
150 271
384 221
16 321
64 105
295 243
367 307
347 190
210 109
349 230
181 360
75 370
41 66
227 91
76 120
59 314
199 9
293 277
11 257
158 83
34 127
139 234
32 207
59 168
53 153
222 363
143 106
312 127
380 184
27 377
117 86
375 132
64 263
384 362
260 91
19 4
69 207
352 282
385 101
398 67
145 53
43 355
148 90
57 36
258 365
69 357
51 202
214 66
323 47
321 207
217 41
89 104
300 216
98 213
374 157
230 285
59 279
394 282
103 81
158 255
293 276
384 330
279 168
93 336
348 99
252 243
367 95
153 171
253 328
289 300
394 86
321 32
361 165
130 358
95 61
34 145
195 361
298 181
218 238
288 27
85 228
210 7
378 36
400 132
202 139
124 104
58 398
197 138
188 384
149 163
304 50
312 253
117 93
258 267
380 360
71 166
113 335
164 207
14 295
219 374
80 5
219 221
37 263
78 377
199 137
201 227
91 10
368 281
259 73
195 301
61 112
128 397
197 108
146 309
227 261
192 348
256 285
229 134
359 39
88 168
73 267
129 303
4 304
110 39
179 187
25 101
360 335
254 310
143 54
279 313
227 115
366 352
313 387
229 92
370 342
6 338
111 315
307 260
108 73
84 276
205 165
34 226
267 211
40 64
39 199
369 210
96 138
44 173
296 238
94 230
326 278
243 86
119 184
263 143
61 189
105 167
126 96
6 159
249 324
167 293
83 172
277 227
221 5
307 328
293 298
246 219
322 238
101 270
22 123
248 361
85 142
158 277
38 78
199 330
174 164
183 85
55 376
121 109
375 73
245 124
247 360
223 224
290 56
265 109
145 206
288 12
275 372
264 7
70 298
168 394
232 372
44 377
127 142
66 77
122 366
163 24
190 271
137 136
130 394
369 269
96 58
208 143
58 103
324 253
53 385
103 7
388 36
91 374
124 226
337 331
155 16
369 239
355 19
99 131
393 192
386 23
289 77
362 67
302 29
20 62
181 310
269 237
112 129
279 334
36 296
163 232
367 95
180 5
28 171
45 272
252 253
386 107
156 193
243 47
50 207
14 156
12 377
334 5
10 2
125 102
79 135
92 6
348 180
22 272
181 164
61 372
170 85
235 253
67 304
162 114
284 265
153 12
177 186
338 214
144 259
394 67
248 302
98 262
213 313
159 186
329 142
378 15
294 175
145 39
98 124
35 190
244 211
49 108
328 89
61 260
336 41
8 364
75 233
126 173
252 77
316 95
352 169
253 389
79 237
282 185
294 216
211 11
181 215
195 271
387 267
47 361
253 367
184 342
33 279
382 245
218 85
11 310
326 194
149 87
233 393
112 161
168 348
320 76
7 213
38 346
311 312
155 132
197 78
22 210
266 203
262 279
56 14
18 200
324 333
112 26
208 273
200 36
14 36
104 366
80 71
229 187
337 207
27 193
50 296
192 67
106 192
95 61
6 162
237 178
395 333
335 394
308 230
363 372
175 289
365 296
113 27
316 228
14 36
74 366
136 124
331 325
176 253
155 15
173 8
204 108
112 163
13 144
221 12
243 197
227 182
392 228
151 252
232 318
395 112
186 6
130 386
130 120
125 8
240 279
170 337
177 123
243 173
268 356
254 29
326 370
323 171
224 125
169 45
264 297
159 349
301 1
191 190
59 138
57 307
347 91
251 357
116 201
394 130
178 294
236 394
53 214
216 194
175 384
295 185
117 374
262 279
252 233
339 24
274 23
157 271
385 163
234 61
129 334
39 196
286 102
255 131
348 329
88 164
13 191
73 89
69 249
8 298
227 14
292 142
5 339
115 45
80 355
271 147
94 373
346 231
12 234
33 350
167 105
108 190
82 53
138 331
201 36
92 380
368 37
195 288
269 72
298 392
77 343
214 120
34 118
387 217
300 185
349 21
341 300
242 349
381 137
325 366
244 389
268 255
67 159
287 289
283 22
20 112
154 180
334 262
166 298
150 44
386 75
174 187
101 264
109 332
294 16
318 325
228 331
390 59
236 108
395 346
216 66
69 299
252 210
398 67
229 168
377 128
325 161
172 184
80 243
16 289
194 70
399 265
270 293
158 287
176 300
95 66
140 185
199 330
91 228
60 294
123 364
258 334
267 389
101 14
238 8
279 157
107 248
209 22
176 313
219 96
373 278
187 391
270 303
241 333
343 105
176 132
225 284
198 374
123 190
249 236
222 112
366 51
346 382
30 128
220 263
255 325
44 359
290 72
275 317
195 257
114 236
264 304
169 176
70 105
324 299
69 188
159 184
30 168
121 92
37 123
361 158
354 87
356 214
292 135
201 285
57 10
239 243
110 331
225 48
90 301
342 246
185 228
9 152
384 12
30 89
147 329
374 128
125 328
11 162
379 66
92 38
289 243
342 218
104 145
5 292
360 372
204 82
382 329
16 299
73 331
186 151
38 257
338 254
335 90
384 203
160 382
36 21
85 66
117 354
75 332
230 326
232 40
204 282
14 41
76 302
119 279
214 229
227 190
268 329
301 276
155 165
250 123
263 317
179 13
217 320
344 226
151 134
300 8
235 43
196 326
162 85
400 124
62 3
338 339
268 270
211 206
45 132
100 13
265 349
198 43
